107,5
107,4
107,3
107,2
107,1
107,0
106,4
106,3
106,2
106,1
106,0
105,3
105,2
105,1
105,0
104,3
104,2
104,1
104,0
0,527
0,526
0,472
100,35
0,278
0,273
0,270
103,4
103,3
103,2
103,1
103,0
102,3
102,2
102,1
102,0
101,3
101,2
0,9
101,1
101,0
10,241
10,203
10,305
10,95
10,143
10,169
10,303
11,19
11,7
8,8
8,4
8,11
8,16
8,10
8,13
8,2
8,3
96,3
96,2
96,1
96,0
95,5
95,4
95,3
95,2
95,1
95,0
93,3
93,2
93,1
93,0
92,3
92,2
92,1
92,0
91,4
91,3
91,2
91,1
91,0
90,4
90,3
90,2
90,1
90,0
88,4
88,3
88,2
88,1
88,0
86,4
86,3
86,2
86,1
86,0
83,3
83,2
83,1
83,0
20,3
20,2
20,1
19,3
19,2
19,1
18,1
12,3
18,3
12,2
12,1
11,29
11,28
14,1
11,27
14,3
11,23
13,1
11,22
13,3
11,20
11,18
11,17
11,16
11,15
11,11
